>> HW1Q35
___Question 35___
A =

     27.600
   3100.000
    250.000

B =

     30.200
   6400.000
    360.000

part A:

ans =

     27.600     30.200
   3100.000   6400.000
    250.000    360.000

part B: 

Part C: 

C =

     162
   23610
    1623

ans =

   3.9000
   1.8000

>> diary off
