>> HW1Q34

Question 34a)
A =

        1        0        0        0        0        0
        1        2        4        8       16       32
        1        4       16       64      256     1024
        1        6       36      216     1296     7776
        1        8       64      512     4096    32768
        1       10      100     1000    10000   100000

b =

     0.00000
     2.90000
    14.80000
    39.60000
    74.30000
   119.00000

x =

   0.00000
   1.71250
  -1.19479
   0.66146
  -0.07005
   0.00260

C =

   1.0000e+00   7.5000e+02   5.6250e+05   4.2188e+08   3.1641e+11   2.3730e+14

D =    5.9609e+11

Question 34b)
y =

   0.00000
  -0.15000
   0.63750
   0.08125

Z =    3.4636e+07
>> HW1Q36
question 36
ans =

   1.00000   0.00000   1.00000   0.00000
   0.00000   1.00000   1.00000   0.00000
   0.00000   0.00000   0.00000   1.00000
   0.00000   0.00000   0.00000   0.00000

after reducing this matrix we can see that it does not span R4, because
there are only 2 pivots
>> HW1Q37
question 37
ans =

   1   0   1   0   0
   0   1  -1   0   0
   0   0   0   1   0
   0   0   0   0   1

after reducing this matrix we can see that it does not span R4, because
there are only 3 pivots
>> HW1Q38
___Question 38____

Find a trivial solution for the following matrix by removing columns til solution is found
A =

   12   10   -6    8    4  -14
   -7   -6    4   -5   -7    9
    9    9   -9    9    9  -18
   -4   -3   -1    0   -8    1
    8    7   -5    6    1  -11

trivial solution found for Ax = 0
Solution uses 3 columns from matrix A 
   12   10   -6
   -7   -6    4
    9    9   -9
   -4   -3   -1
    8    7   -5
>> HW1Q39
___Question 39____

for the following matrix, find x such that Ax = 0
A =

   2   3   5  -5
  -7   7   0   0
  -3   4   1   3
  -9   3  -6  -4

x = (sym 4×1 matrix)

  ⎡-1⎤
  ⎢  ⎥
  ⎢-1⎥
  ⎢  ⎥
  ⎢1 ⎥
  ⎢  ⎥
  ⎣0 ⎦

>> HW1Q40
___Question 40___
b =

   4
  -4
  -4
  -7

A =

   3   4  -7   0
   5  -8   7   4
   6  -8   6   4
   9  -7  -2   0

ans =

   1.00000   0.00000   0.00000   1.00000   1.00000
   0.00000   1.00000   0.00000   1.00000   2.00000
   0.00000   0.00000   1.00000   1.00000   1.00000
   0.00000   0.00000   0.00000   0.00000   0.00000

The reduced system shows us that we have at least one solution,
therefore b is in the range of transformations of Ax.

Next find an x that creates the transformation b
x = (sym 4×1 matrix)

  ⎡-c₃ + 1⎤
  ⎢       ⎥
  ⎢-c₃ + 2⎥
  ⎢       ⎥
  ⎢-c₃ + 1⎥
  ⎢       ⎥
  ⎣  c₃   ⎦

>> HW1Q41
___Question 41___
part A:

A =

   0   0   0   0   0
   0   0   0   0   0
   0   0   0   0   0
   0   0   0   0   0

part B:

B =

   1   1   1
   1   1   1
   1   1   1
   1   1   1
   1   1   1

part C:

C =

Diagonal Matrix

   1   0   0   0   0
   0   1   0   0   0
   0   0   1   0   0
   0   0   0   1   0
   0   0   0   0   1

part D:

D =

Diagonal Matrix

   3   0   0   0
   0   4   0   0
   0   0   2   0
   0   0   0   5

>> HW1Q42
___Question 42___
part A:

A =

   0.2611552   0.1842287   0.5919882   0.8043842   0.8630170   0.2783323
   0.0030938   0.2859098   0.3864696   0.7245433   0.3575104   0.7339572
   0.7283443   0.1955043   0.1247229   0.6406463   0.1736098   0.1240410
   0.5430037   0.9616234   0.6945309   0.6029785   0.9801332   0.8669521
   0.1355058   0.4486800   0.1293212   0.2912396   0.8866873   0.9420735

part B:

the values from part A will be floats from 0 to 1

part C:

to change the rand range to (-9,9), type rand(n,n)*18 - 9
C =

  -4.11914  -5.66553   1.68181   0.39638  -2.09772  -5.25202
   4.97586   6.14111  -2.63181   5.79573  -8.24786  -4.02452
  -7.78356   4.93302   8.96726  -6.94715   4.76425   2.26588
   0.86725   0.32028   2.67097   4.09789  -3.57510  -3.32977
   8.63595   0.39093  -6.29038   2.64724   8.56520   8.73998

>> HW1Q43
___Question 43___
Creating two 4x4 random matrices A, B
does A*B == B*A ?
False!

Creating two 4x4 random matrices A, B
does A*B == B*A ?
False!

Creating two 4x4 random matrices A, B
does A*B == B*A ?
False!

Creating two 4x4 random matrices A, B
does A*B == B*A ?
False!

conclusion: matrix multiplication is not communitive

>> HW1Q44
___Question 44___
Creating a random 5x5 matrix A, and comparing operations.
does (A+I)(A-I) == A^2 - I ?
True!

Creating a random 5x5 matrix A, and comparing operations.
does (A+I)(A-I) == A^2 - I ?
True!

Creating a random 5x5 matrix A, and comparing operations.
does (A+I)(A-I) == A^2 - I ?
True!

>> HW1Q45
___Question 45___
Creating a random 4x4 matrices A and B, and comparing operations.
B =

   0.022956  -0.513730  -0.272280   0.097009
   0.229060  -0.565680  -0.041169   0.152720
  -0.451490   0.012872  -0.381040   0.010185
   1.108400  -1.069000   0.390720   0.284890

C =

   1.1633000   0.3451400   0.7840100   1.0228000
   1.1812000   0.4587400   0.9162800   1.0107000
   0.1815000  -0.0622380   0.0072771   0.3009700
   1.4790000   0.7689400   1.3355000   1.0946000

does (A+B)(A-B) == A^2 - B^2 ?
False!

Creating a random 4x4 matrices A and B, and comparing operations.
B =

  -0.990210   0.149470  -0.287500   0.453400
  -1.311300   0.362920  -0.231700   0.940600
  -0.400550   0.097187  -0.394740   0.744700
  -0.640440   0.200890  -0.323680   0.960460

C =

  -0.12091   0.45711   0.56671   1.02810
   0.33418   0.64096   1.36510   0.85930
   0.38824   0.18829   0.47385   0.38564
   0.65881   0.34019   0.88723   0.63922

does (A+B)(A-B) == A^2 - B^2 ?
False!

Creating a random 4x4 matrices A and B, and comparing operations.
B =

   1.2482000   0.0079235  -1.7412000  -1.6948000
   0.1708200   0.3802600  -1.3805000  -1.4367000
   0.8968700   0.0443760  -1.3307000  -1.1676000
   0.8843100   0.0408240  -1.0359000  -1.1141000

C =

   2.96250   1.44620  -1.09380  -0.93964
   3.32950   1.84940  -1.94100  -1.66810
   2.16560   1.26220  -0.44494  -0.34713
   1.45050   0.59953  -0.28112  -0.26603

does (A+B)(A-B) == A^2 - B^2 ?
False!

matrix multiplication isn't communitive
>> HW1Q46
___Question 46___
S =

   0   1   0   0   0
   0   0   1   0   0
   0   0   0   1   0
   0   0   0   0   1
   0   0   0   0   0

S^2 = 
ans =

   0   0   1   0   0
   0   0   0   1   0
   0   0   0   0   1
   0   0   0   0   0
   0   0   0   0   0

S^3 = 
ans =

   0   0   0   1   0
   0   0   0   0   1
   0   0   0   0   0
   0   0   0   0   0
   0   0   0   0   0

S^4 = 
ans =

   0   0   0   0   1
   0   0   0   0   0
   0   0   0   0   0
   0   0   0   0   0
   0   0   0   0   0

S^5 = 
ans =

   0   0   0   0   0
   0   0   0   0   0
   0   0   0   0   0
   0   0   0   0   0
   0   0   0   0   0

S^6 = 
ans =

   0   0   0   0   0
   0   0   0   0   0
   0   0   0   0   0
   0   0   0   0   0
   0   0   0   0   0

>> HW1Q47
___Question 47___
A =

   -25    -9   -27
   536   185   537
   154    52   143

result =

   0.112608  -0.155919
  -0.561116   1.007700
   0.082772  -0.191530

>> HW1Q48
___Question 48___
D =

   0.0130000   0.0050000   0.0020000   0.0010000
   0.0050000   0.0100000   0.0040000   0.0020000
   0.0020000   0.0040000   0.0100000   0.0050000
   0.0010000   0.0020000   0.0050000   0.0130000

F =

   0.070000
   0.120000
   0.160000
   0.120000

Forces at the four points are:

ans =

    0.95238
    6.19048
   11.42857
    3.80952

>> HW1Q49
___Question 49___
A =

    5    3    1    7    9
    6    4    2    8   -8
    7    5    3   10    9
    9    6    4   -9   -5
    8    5    2   11    4

A = (sym 5×5 matrix)

  ⎡5  3  1  7   9 ⎤
  ⎢               ⎥
  ⎢6  4  2  8   -8⎥
  ⎢               ⎥
  ⎢7  5  3  10  9 ⎥
  ⎢               ⎥
  ⎢9  6  4  -9  -5⎥
  ⎢               ⎥
  ⎣8  5  2  11  4 ⎦

ans = (sym 5×5 matrix)

  ⎡-662  -765/2  19   1    683 ⎤
  ⎢                            ⎥
  ⎢1411   815    -41  -2  -1455⎥
  ⎢                            ⎥
  ⎢-700   -404   21   1    721 ⎥
  ⎢                            ⎥
  ⎢-33    -19     1   0    34  ⎥
  ⎢                            ⎥
  ⎣ 1     1/2     0   0    -1  ⎦

>> HW1Q50

Question 50a.
ansA =

   0.0028784
   6.2052088


Question 50b.
