>> hw3_39
----Question 39----

lambda =

         -2
         -1
          1
          2

Basis for lambda = -2: 
ans =

          0
          1
          1
         -0

Basis for lambda = -1: 
ans =

          1
          1
          0
          1

Basis for lambda = 1: 
ans =

          2
          2
         -0
          1

Basis for lambda = 2: 
ans =

          2
          2
          1
          1

>> hw3_40
----Question 40----

lambda =

        -14 - 1/1979552i
        -14 + 1/1979552i
        -14 +         0i
         42 +         0i
         42 +         0i

Basis for lambda = -14: 
ans =

         -0         -0       11/3
          0         -0          2
          1         -0       -1/3
         -0          1        5/3
          0         -0          1

Basis for lambda = -14: 
ans =

         -0         -0       11/3
          0         -0          2
          1         -0       -1/3
         -0          1        5/3
          0         -0          1

Basis for lambda = -14: 
ans =

         -1       10/3
          0          2
          1        5/3
         -0         -0
         -0          1

Basis for lambda = 42: 
ans =

          0         -1
        1/5       -1/5
       -2/5       -3/5
          1         -0
         -0          1

Basis for lambda = 42: 
ans =

         -0         -1
        1/5       -1/5
       -2/5       -3/5
          1         -0
         -0          1

>> hw3_41
----Question 41----

Finding eig values/vectors for C

V =

 Columns 1 and 2:

  -463/1203 +         0i   -53/2053 + 3289/6563i
   -277/345 +         0i   -113/755 -  953/2447i
   -229/936 +         0i   -115/367 - 1011/5410i
    -81/211 +         0i  2908/4379 +         0i

 Columns 3 and 4:

   -53/2053 - 3289/6563i  1454/5393 +         0i
   -113/755 +  953/2447i   -145/159 +         0i
   -115/367 + 1011/5410i  1383/7396 +         0i
  2908/4379 -         0i  2141/8690 +         0i

lambda =

Diagonal Matrix

 Columns 1 and 2:

  8852/4179 +         0i                       0
                       0     21/353 + 3377/7269i
                       0                       0
                       0                       0

 Columns 3 and 4:

                       0                       0
                       0                       0
     21/353 - 3377/7269i                       0
                       0    175/754 +         0i

Finding eig values/vectors for C' 

V =

 Columns 1 and 2:

  3331/6165 +         0i   -226/577 + 1633/3638i
  1497/3775 +         0i  148/19667 + 461/64851i
  2955/4747 +         0i    151/231 +         0i
  1671/4135 +         0i   -83/2093 - 1675/3603i

 Columns 3 and 4:

   -226/577 - 1633/3638i  99/182506 +         0i
  148/19667 - 461/64851i   -243/592 +         0i
    151/231 -         0i  7359/8588 +         0i
   -83/2093 + 1675/3603i  2017/6468 +         0i

lambda =

Diagonal Matrix

 Columns 1 and 2:

  8852/4179 +         0i                       0
                       0     21/353 + 3377/7269i
                       0                       0
                       0                       0

 Columns 3 and 4:

                       0                       0
                       0                       0
     21/353 - 3377/7269i                       0
                       0    175/754 +         0i

We can see here that C and C' have the same deterministic polynomials
because their eigenvalues are the same

The eigenvectors however, are different.

The same was true for the random 5x5 matrix

>> hw3_42
----Question 42---- 
[See attached graph]
As c changes, the graph vectors change as well

>> hw3_43
----Question 43----

lambda =

         -2
         -2
          5
          5
          5

Basis for lambda = -2: 
ans =

       -2/5        3/5
        7/5        7/5
         -1         -1
          1         -0
         -0          1

Basis for lambda = -2: 
ans =

       -2/5        3/5
        7/5        7/5
         -1         -1
          1         -0
         -0          1

Basis for lambda = 5: 
ans =

          2         -1          2
         -1          1          0
          1         -0         -0
         -0          1         -0
         -0         -0          1

Basis for lambda = 5: 
ans =

          2         -1          2
         -1          1         -0
          1         -0         -0
         -0          1         -0
         -0         -0          1

Basis for lambda = 5: 
ans =

          2         -1          2
         -1          1         -0
          1         -0         -0
         -0          1         -0
         -0         -0          1

>> hw3_44
----Question 44----

m = 4
n = 4
Length of columns of A:

A_length =

          1          0          0          0
          1          0          0          0
          1          0          0          0
          1          0          0          0

a1 dot a2:
ans = 0
a1 dot a3:
ans = 0
a1 dot a4:
ans = 0
a2 dot a3:
ans = 0
a2 dot a4:
ans = 0
a1 dot a2:
ans = 0
u =

  8703/9860
  1618/1789
   524/2545
  5428/7075

v =

  3537/9935
   705/7027
  4727/4849
  4681/6967

u_length = 3969/2659
v_length = 7384/5953
Au_length = 3969/2659
Av_length = 7384/5953
Part D: 
cosine of the angle between u and v = 
ans = 8249/8963
cosine of the angle between Au and Av
ans = 8249/8963
Repeating for another random u,v


u =

    472/599
  767/27830
  7635/8999
  1273/2376

v =

  1388/6923
  1174/3249
  2120/6573
  3071/4407

u_length = 8138/6377
v_length = 7923/9086
Au_length = 8138/6377
Av_length = 7923/9086
Part D: 
cosine of the angle between u and v = 
ans = 1991/2658
cosine of the angle between Au and Av
ans = 1991/2658
>> hw3_45
----Question 45----

U' * U = 

ans =

          1          0          0          0
          0          1          0          0
          0          0          1          0
          0          0          0          1

U * U' = 

ans =

 Columns 1 through 5:

      41/50          0       -1/5       2/25       3/50
          0      21/50       6/25          0       -1/5
       -1/5       6/25      29/50        1/5          0
       2/25          0        1/5      41/50       6/25
       3/50       -1/5          0       6/25       9/50
        1/5       3/50       8/25       -1/5          0
       6/25        1/5          0       3/50      -2/25
          0      -8/25       3/50          0        1/5

 Columns 6 through 8:

        1/5       6/25          0
       3/50        1/5      -8/25
       8/25          0       3/50
       -1/5       3/50          0
          0      -2/25        1/5
      29/50          0       6/25
          0       9/50       -1/5
       6/25       -1/5      21/50

U' * U is the 5x5 identity matrix. U * U' is a mess
p =

    274/545
     53/120
  1690/2673
  6957/6851
  1441/9456
  1345/6454
  1147/3243
   -129/799

z =

  -578/1753
  3113/8243
  -647/2018
  -661/6297
  5962/8927
   638/5831
  4199/6600
    183/715

Part D: 
proj =

        6/5
        2/5
        6/5
        6/5
        2/5
        6/5
        2/5
        2/5

>> hw3_46
----Question 46----

ans = 0
v =

        -10
          2
         -6
         16
          2

ans = 1
v =

          3
          3
         -3
          0
          3

ans = 2
v =

          2
         -4
         10
          6
         -4

ans = 3
v =

         -6
          2
          0
         -3
         -8

orthogonal basis for A: 
Q =

       -1/2        1/2   531/3482   -219/388
       1/10        1/2  -531/1741     73/388
      -3/10       -1/2  6668/8745          0
        4/5          0  1593/3482   -219/776
       1/10        1/2  -531/1741     -73/97

QR factorization: 
Q =

       -1/2        1/2   531/3482   -219/388
       1/10        1/2  -531/1741     73/388
      -3/10       -1/2  6668/8745          0
        4/5          0  1593/3482   -219/776
       1/10        1/2  -531/1741     -73/97

